179.541636208	.20955081
179.083287084	.21221219
178.624967291	.21663201
178.166691487	.22278892
177.708474324	.23066811
177.250330439	.24023482
176.792274458	.25143888
176.334320988	.26424428
175.876484618	.27860292
175.418779915	.29446162
174.961221418	.31177447
174.50382364	.33047993
174.046601064	.35052512
173.589568138	.37185317
173.132739275	.39440374
172.676128849	.41316233
172.219751192	.42618308
171.763620592	.43991422
171.307751291	.45434680
170.85215748	.46946936
170.3968533	.48526963
169.941852836	.50173720
169.487170117	.51885500
169.032819111	.53661350
168.578813725	.55499502
168.125167801	.57400264
167.671895114	.59360620
167.219009371	.61379893
166.766524204	.63458846
166.314453175	.65595579
165.862809766	.67786355
165.411607383	.70032449
164.96085935	.72332875
164.510578907	.74686605
164.060779211	.77093043
163.611473331	.79548693
163.162674244	.82054322
162.71439484	.84608884
162.266647912	.87212904
161.819446158	.89863148
161.372802181	.91235483
160.926728483	.92150825
160.481237465	.93172042
160.036341425	.94203854
159.592052557	.95233126
159.148382948	.96265521
158.705344579	.97297147
158.26294932	.98328417
157.821208928	.99353885
157.380135052	1.00375217
156.939739222	1.01399160
156.500032856	1.02406967
156.061027254	1.03402374
155.622733596	1.04390994
155.185162945	1.05358105
154.748326242	1.06318618
154.312234306	1.07279403
153.876897833	1.08199289
153.442327395	1.09097345
153.008533438	1.09971152
152.575526283	1.10825373
152.143316122	1.11656016
151.711913019	1.12456420
151.281326912	1.13424471
150.851567604	1.13969534
150.422644772	1.14255787
149.994567958	1.14508272
149.567346576	1.14561015
149.140989903	1.14560292
148.715507086	1.14504947
148.290907135	1.14397517
147.86719893	1.14232148
147.444391211	1.14010370
147.022492588	1.13726486
146.601511532	1.13379065
146.181456379	1.12977774
145.762335329	1.12508189
145.344156446	1.11976062
144.926927656	1.11377040
144.51065675	1.10712371
144.095351381	1.09978686
143.681019066	1.09175415
143.267667185	1.08301145
142.855302979	1.07357980
142.443933555	1.06335167
142.033565882	1.05222754
141.624206791	1.03657164
141.215862978	1.02023375
140.808541004	1.00333461
140.402247291	.98581129
139.996988127	.96765043
139.592769663	.94884206
139.189597918	.92938694
138.787478772	.90930801
138.386417975	.88849688
137.986421138	.86695014
137.587493744	.84478386
137.18964114	.82195687
136.79286854	.79836910
136.397181027	.77415786
136.002583555	.74916510
135.609080943	.72346113
135.216677883	.69701876
134.825378937	.66991942
134.435188539	.64206047
134.046110994	.61346505
133.658150479	.58402287
133.271311048	.55395413
132.885596626	.52304122
132.501011014	.49141882
132.117557891	.45902798
131.735240811	.42592811
131.354063206	.39206639
130.974028387	.35073789
130.595139544	.30067033
130.21739975	.25082182
129.840811957	.19758096
129.465378999	.14931691
129.091103596	.09751992
128.717988351	.04568423
128.346035753	0
127.975248176	.00489678
127.605627883	.06478518
127.237177026	.06453024
126.869897646	.04520736
126.503791674	.00371187
126.138860935	.05298851
125.775107144	.10176648
125.412531913	.15096789
125.051136747	.20154563
124.69092305	.25337142
124.331892119	.30648915
123.974045154	.36105122
123.617383252	.41538042
123.261907413	.45845674
122.907618538	.51647166
122.55451743	.50667044
122.202604798	.49569807
121.851881257	.48528783
